# [binQ2] [binPt] [binXb] [binAs] [Q2] [Pt] [Xb] [As] [DifferntialCS (nb*GeV^-4)]
0 0 0 0 2.11709 0.0722361 0.165066 1.32369 1.6994307159196178
0 0 0 1 2.11472 0.0689764 0.164367 1.37204 0.9378254348949232
0 0 0 2 2.11733 0.0712917 0.165197 1.42107 0.5659602804720817
0 0 0 3 2.13534 0.0755999 0.166158 1.47618 0.32959233870741195
0 0 0 4 2.10732 0.0682326 0.164322 1.52329 0.22075860362308902
0 0 0 5 2.12572 0.0782144 0.164986 1.57535 0.1195017180059185
0 0 1 0 2.23442 0.0681012 0.187658 1.32285 1.3744376160282212
0 0 1 1 2.23387 0.066713 0.186962 1.37273 0.7181389615261609
0 0 1 2 2.2343 0.0690073 0.187356 1.42384 0.41676791134363583
0 0 1 3 2.2304 0.066395 0.186694 1.47468 0.2590252895630027
0 0 1 4 2.23471 0.0688004 0.187895 1.52118 0.16262482125581137
0 0 1 5 2.32862 0.0681464 0.186577 1.56261 0.09082978358279467
0 0 2 0 2.25339 0.0617768 0.211489 1.32393 1.180334980898673
0 0 2 1 2.25993 0.0607751 0.210756 1.37285 0.6027301252108016
0 0 2 2 2.26373 0.0629167 0.212301 1.4215 0.3480156367293869
0 0 2 3 2.26059 0.0629355 0.211973 1.472 0.21664772501467272
0 0 2 4 2.30523 0.0692977 0.207535 1.51067 0.14124288685796482
0 0 2 5 2.47865 0.0543153 0.200273 1.56008 0.06969111184234666
0 0 3 0 2.24402 0.0605839 0.236636 1.3225 1.0436684088569086
0 0 3 1 2.25398 0.0620442 0.2358 1.3728 0.5133082286555319
0 0 3 2 2.24091 0.058665 0.235966 1.42277 0.3057001892779952
0 0 3 3 2.3191 0.0570662 0.232094 1.46693 0.18024806389482592
0 0 3 4 2.35049 0.0546594 0.226624 1.49741 0.12986111008726653
0 0 4 0 2.26704 0.0560857 0.262067 1.32444 0.8599602723793381
0 0 4 1 2.26317 0.0575146 0.260745 1.37139 0.4503502991050552
0 0 4 2 2.34475 0.057134 0.257493 1.41437 0.2504808898290047
0 0 4 3 2.47642 0.0854211 0.24909 1.45773 0.13847791918036126
0 0 5 0 2.24241 0.0570098 0.285786 1.32279 0.7935737826826289
0 0 5 1 2.36688 0.0519811 0.283254 1.36687 0.36031321212207873
0 0 5 2 2.41021 0.00912723 0.274661 1.3998 0.24939647575566484
0 1 0 0 2.11264 0.116987 0.165784 1.32765 1.3374861793998132
0 1 0 1 2.11364 0.118525 0.164408 1.37186 0.8142134836466073
0 1 0 2 2.12473 0.127156 0.165935 1.4241 0.48268181723159953
0 1 0 3 2.12408 0.135787 0.166583 1.47221 0.3084795874654694
0 1 0 4 2.12313 0.137045 0.165401 1.52421 0.1892060522274408
0 1 0 5 2.12703 0.1398 0.163553 1.57005 0.11544480817700364
0 1 1 0 2.2396 0.11974 0.187928 1.3262 1.0448987359142692
0 1 1 1 2.22903 0.124313 0.187476 1.37395 0.6024729928229604
0 1 1 2 2.24344 0.13147 0.187075 1.42386 0.36210362804737783
0 1 1 3 2.21308 0.139332 0.186225 1.47393 0.23380767592753038
0 1 1 4 2.236 0.149669 0.187098 1.52391 0.13716947792866777
0 1 1 5 2.31478 0.150836 0.183226 1.56486 0.07978929975795858
0 1 2 0 2.24539 0.122169 0.212335 1.32473 0.9082387059502117
0 1 2 1 2.23429 0.130261 0.212301 1.37353 0.49932880158243004
0 1 2 2 2.24747 0.139737 0.211135 1.42458 0.2941771009896804
0 1 2 3 2.23784 0.143998 0.211112 1.47324 0.19034882799148087
0 1 2 4 2.31791 0.14837 0.207254 1.5176 0.11087612815752722
0 1 2 5 2.39123 0.13765 0.200418 1.55091 0.07488129868029703
0 1 3 0 2.24192 0.127499 0.236926 1.32529 0.7510657005434788
0 1 3 1 2.25542 0.136039 0.237278 1.37381 0.4053920013685572
0 1 3 2 2.26769 0.14568 0.236815 1.42196 0.24612216096651604
0 1 3 3 2.32918 0.138731 0.231915 1.46687 0.1544827347292011
0 1 3 4 2.45962 0.144231 0.227452 1.50279 0.0929347951318872
0 1 4 0 2.26516 0.135428 0.262723 1.32422 0.6101424461641098
0 1 4 1 2.26725 0.144732 0.261606 1.37173 0.3426478467294796
0 1 4 2 2.34792 0.139108 0.257943 1.41367 0.20880004916144565
0 1 4 3 2.44907 0.149167 0.251597 1.45375 0.12618438712076355
0 1 5 0 2.27915 0.13651 0.28603 1.32254 0.5370507430681255
0 1 5 1 2.36078 0.151347 0.284591 1.36447 0.27203281284334235
0 1 5 2 2.47786 0.166837 0.27749 1.40502 0.153432151428959
1 0 0 0 2.69274 0.0675357 0.213494 1.3245 0.7361119566398369
1 0 0 1 2.69094 0.0663856 0.213693 1.37259 0.3871114580609746
1 0 0 2 2.68519 0.0671542 0.212696 1.42413 0.22276533673385193
1 0 0 3 2.69214 0.070816 0.215174 1.47352 0.13096422069717753
1 0 0 4 2.69487 0.0698762 0.214501 1.52129 0.07980975072115452
1 0 0 5 2.69789 0.0957079 0.205877 1.55914 0.05153713420212865
1 0 1 0 2.87056 0.0633584 0.238022 1.32596 0.5383747393788654
1 0 1 1 2.85637 0.0638645 0.238781 1.37232 0.28355263944902986
1 0 1 2 2.83067 0.0651839 0.237185 1.42211 0.16546995389627453
1 0 1 3 2.81918 0.064261 0.236474 1.47468 0.09787016965932016
1 0 1 4 2.97045 0.0772721 0.232373 1.52019 0.05205684615216252
1 0 1 5 3.025 0.08125 0.22625 1.55125 0.0347499338694489
1 0 2 0 2.98206 0.0612258 0.261498 1.32266 0.4476610150053585
1 0 2 1 2.99377 0.0599227 0.261585 1.37226 0.21528101518124573
1 0 2 2 2.98954 0.0609699 0.262443 1.42265 0.11875141060668609
1 0 2 3 3.08755 0.0643707 0.260914 1.46866 0.06649126184901956
1 0 2 4 3.32761 0.0786754 0.258555 1.50799 0.03386587448913012
1 0 3 0 2.99002 0.0596393 0.286686 1.32453 0.36298486452989487
1 0 3 1 2.97311 0.0565501 0.286131 1.37362 0.18150132904373376
1 0 3 2 3.10765 0.0568281 0.286337 1.42052 0.0911583856215126
1 0 3 3 3.34161 0.062229 0.284639 1.45954 0.04730183275374695
1 0 4 0 3.01867 0.0558372 0.310436 1.32517 0.3021712436715435
1 0 4 1 3.07636 0.0550138 0.310911 1.36677 0.15141944896964754
1 0 4 2 3.25847 0.0545585 0.306674 1.41531 0.07055196729154288
1 0 5 0 3.07283 0.0555169 0.336577 1.32041 0.26270908925649733
1 0 5 1 3.26636 0.0500493 0.33508 1.36391 0.11118056156460135
1 0 5 2 3.44853 0.0519118 0.326728 1.40301 0.05907529069776453
1 1 0 0 2.68288 0.117339 0.214135 1.3262 0.5874632344411602
1 1 0 1 2.70123 0.12122 0.213737 1.37453 0.32151345191434433
1 1 0 2 2.6669 0.131874 0.214016 1.42503 0.19374887439158128
1 1 0 3 2.68621 0.140861 0.214282 1.47117 0.1191616517120435
1 1 0 4 2.68814 0.140126 0.213585 1.52312 0.07006507701910959
1 1 0 5 2.75531 0.176037 0.209281 1.55923 0.03901758591372628
1 1 1 0 2.82552 0.121195 0.237612 1.32518 0.4468172892562132
1 1 1 1 2.82734 0.126424 0.238121 1.3734 0.24120223505978322
1 1 1 2 2.8181 0.135259 0.237142 1.42384 0.1415595843657899
1 1 1 3 2.85966 0.140139 0.23723 1.4743 0.0820216516179165
1 1 1 4 2.95805 0.141038 0.234536 1.51826 0.04651849632070941
1 1 1 5 3.025 0.1625 0.228125 1.55125 0.02877337913109877
1 1 2 0 2.94953 0.123751 0.262857 1.32508 0.3364547767712553
1 1 2 1 2.94636 0.130569 0.262374 1.37363 0.17917037054189494
1 1 2 2 2.95567 0.141982 0.262124 1.42301 0.10267679997553801
1 1 2 3 3.1396 0.140455 0.26171 1.4663 0.0564300985012058
1 1 2 4 3.07558 0.176959 0.254641 1.49911 0.038752226861185915
1 1 3 0 2.94319 0.130423 0.287409 1.32386 0.27942748957581776
1 1 3 1 2.99737 0.134631 0.286594 1.37207 0.14462762249137207
1 1 3 2 3.12788 0.14307 0.285168 1.42151 0.07449242271112189
1 1 3 3 3.35371 0.143209 0.282322 1.46327 0.03935973649814135
1 1 4 0 2.97211 0.133834 0.312294 1.32391 0.22692248994030909
1 1 4 1 3.14488 0.135445 0.309976 1.37425 0.10452824884853104
1 1 4 2 3.34679 0.130115 0.30787 1.41564 0.055643744386139206
1 1 5 0 3.07808 0.134354 0.336706 1.32031 0.1847585040510296
1 1 5 1 3.29339 0.132345 0.333827 1.36193 0.0889335165616732
1 1 5 2 3.4625 0.14625 0.3275 1.40125 0.04752489320626283
2 0 0 0 3.56397 0.0619773 0.269273 1.32322 0.27289784676649526
2 0 0 1 3.58118 0.0656414 0.270812 1.37207 0.12930393563635098
2 0 0 2 3.53662 0.073793 0.264402 1.42194 0.07590448984860446
2 0 0 3 3.54697 0.0750525 0.268308 1.4886 0.03365033050619274
2 0 0 4 3.56379 0.0746552 0.267716 1.50651 0.026300780490562888
2 0 1 0 3.67343 0.0658397 0.287682 1.32082 0.22903983401338435
2 0 1 1 3.69738 0.0656215 0.288689 1.36842 0.10829403450791081
2 0 1 2 3.66949 0.0625411 0.289214 1.4254 0.054201311238292554
2 0 1 3 3.74186 0.0665172 0.288468 1.46499 0.03211882463692619
2 0 1 4 3.67272 0.0780921 0.274204 1.49855 0.025067875643247105
2 0 2 0 3.87704 0.0669229 0.312772 1.32313 0.15932815032516034
2 0 2 1 3.88325 0.0648865 0.313021 1.37425 0.0724244014764132
2 0 2 2 3.81348 0.0584382 0.311172 1.42204 0.04198928932742764
2 0 2 3 4.07036 0.0509551 0.309551 1.45964 0.022150865479887694
2 0 3 0 4.00397 0.0612498 0.337183 1.32514 0.11892775794884397
2 0 3 1 4.06436 0.0599093 0.338835 1.37347 0.052686162936119364
2 0 3 2 4.10956 0.0669018 0.336041 1.41672 0.02808558439280885
2 0 3 3 4.39722 0.0669444 0.32875 1.45375 0.015327279495026358
2 0 4 0 4.14721 0.0621242 0.36232 1.32587 0.0871832922947743
2 0 4 1 4.34197 0.0612704 0.360111 1.37023 0.03806400847363
2 0 4 2 4.59667 0.0582461 0.362284 1.40447 0.0189696495905628
2 0 5 0 4.4832 0.0585985 0.386653 1.32355 0.06118644381862617
2 0 5 1 4.73764 0.0573696 0.38613 1.36934 0.02347925407238879
2 0 5 2 5.0 0.0619444 0.378542 1.40292 0.012761610461487351
2 1 0 0 3.56405 0.1218 0.270409 1.32425 0.20704892156560747
2 1 0 1 3.55222 0.122626 0.270181 1.36031 0.12987587691065292
2 1 0 2 3.62434 0.130136 0.271513 1.42343 0.058334050073492946
2 1 0 3 3.64061 0.158242 0.272239 1.49168 0.02450335789137943
2 1 0 4 3.57037 0.143148 0.267778 1.50625 0.023076891400678066
2 1 1 0 3.70348 0.121069 0.29003 1.32474 0.16350368131463922
2 1 1 1 3.67619 0.124991 0.288899 1.37234 0.08780671216736992
2 1 1 2 3.64436 0.134574 0.2888 1.42104 0.049967932795389775
2 1 1 3 3.72915 0.147322 0.287216 1.47215 0.02553713253079551
2 1 1 4 3.68333 0.146667 0.275625 1.50125 0.020561806587753292
2 1 2 0 3.83177 0.121189 0.313164 1.32662 0.12248400424579582
2 1 2 1 3.83577 0.131846 0.312713 1.37338 0.062362991102076354
2 1 2 2 3.82184 0.140961 0.313644 1.41862 0.03552972353351643
2 1 2 3 3.86442 0.138103 0.307485 1.45751 0.022653671155409744
2 1 3 0 4.02083 0.126896 0.338375 1.32409 0.0896508388337473
2 1 3 1 4.02889 0.132395 0.337094 1.37475 0.04380661437387679
2 1 3 2 4.24341 0.140353 0.337119 1.41212 0.023079873502054208
2 1 3 3 4.34375 0.148125 0.327813 1.45375 0.013543920863953117
2 1 4 0 4.18164 0.129334 0.363081 1.32304 0.06655860285637688
2 1 4 1 4.25357 0.133174 0.361409 1.36733 0.03327510766400393
2 1 4 2 4.58993 0.205766 0.34689 1.41402 0.0132144202147023
2 1 5 0 4.33907 0.130068 0.386885 1.32296 0.04935086964810242
2 1 5 1 4.80914 0.130468 0.386022 1.36409 0.019867544782336852
2 1 5 2 5.04038 0.131346 0.378798 1.40356 0.010481479475230378
