# [BinQ2] [BinPt] [BinXb] [BinAs] [Q2] [Pt] [Xb] [As]
0 0 0 0 2.12819 0.0693904 0.165715 1.32305
0 0 0 1 2.12682 0.0698264 0.165752 1.37257
0 0 0 2 2.12014 0.0706011 0.165498 1.42367
0 0 0 3 2.12589 0.0720515 0.165828 1.47113
0 0 0 4 2.12308 0.0763317 0.165864 1.51956
0 0 0 5 2.107 0.0727285 0.16529 1.55744
0 0 1 0 2.25055 0.0660256 0.18703 1.32278
0 0 1 1 2.24516 0.0666104 0.187477 1.37319
0 0 1 2 2.24688 0.067958 0.187027 1.42338
0 0 1 3 2.24505 0.069442 0.187457 1.4727
0 0 1 4 2.24503 0.0718478 0.186541 1.52064
0 0 1 5 2.26285 0.0745964 0.184673 1.55759
0 0 2 0 2.26111 0.0620798 0.211878 1.32281
0 0 2 1 2.24967 0.0619789 0.21174 1.37323
0 0 2 2 2.26163 0.0623591 0.211999 1.42386
0 0 2 3 2.26241 0.0648224 0.211293 1.47266
0 0 2 4 2.33657 0.069917 0.208625 1.51472
0 0 2 5 2.4711 0.0609367 0.201486 1.55788
0 0 3 0 2.25603 0.0585255 0.236746 1.32341
0 0 3 1 2.26242 0.0579895 0.236622 1.37288
0 0 3 2 2.27943 0.0589913 0.236101 1.42354
0 0 3 3 2.36404 0.0577259 0.233854 1.46757
0 0 3 4 2.49015 0.0991899 0.228112 1.51104
0 0 3 5 0 0 0 0
0 0 4 0 2.26125 0.0558207 0.261787 1.32279
0 0 4 1 2.26391 0.055391 0.261431 1.37131
0 0 4 2 2.33022 0.0568679 0.258073 1.415
0 0 4 3 2.46374 0.0463944 0.254386 1.45542
0 0 4 4 0 0 0 0
0 0 4 5 0 0 0 0
0 0 5 0 2.27411 0.053826 0.286227 1.32236
0 0 5 1 2.36163 0.0511536 0.284007 1.36652
0 0 5 2 2.45075 0.0635367 0.278144 1.40557
0 0 5 3 0 0 0 0
0 0 5 4 0 0 0 0
0 0 5 5 0 0 0 0
0 1 0 0 2.12324 0.114531 0.166239 1.32635
0 1 0 1 2.12506 0.121592 0.165837 1.37565
0 1 0 2 2.12073 0.12854 0.165571 1.4247
0 1 0 3 2.12856 0.136894 0.166023 1.47378
0 1 0 4 2.12575 0.141447 0.165903 1.52012
0 1 0 5 2.11901 0.1271 0.165172 1.55814
0 1 1 0 2.22768 0.117457 0.187926 1.32525
0 1 1 1 2.23579 0.125294 0.187691 1.37528
0 1 1 2 2.23803 0.1338 0.187306 1.4235
0 1 1 3 2.23687 0.142109 0.18662 1.47413
0 1 1 4 2.25576 0.142778 0.186475 1.51941
0 1 1 5 2.34093 0.130461 0.185083 1.55939
0 1 2 0 2.24281 0.121207 0.212379 1.32517
0 1 2 1 2.25063 0.129868 0.21187 1.37396
0 1 2 2 2.2557 0.140055 0.211466 1.42454
0 1 2 3 2.25649 0.147366 0.21094 1.47198
0 1 2 4 2.33359 0.145672 0.20784 1.514
0 1 2 5 0 0 0 0
0 1 3 0 2.2554 0.126248 0.236476 1.32455
0 1 3 1 2.24839 0.136516 0.236909 1.37417
0 1 3 2 2.25744 0.145074 0.236496 1.42263
0 1 3 3 2.34498 0.150321 0.232474 1.46578
0 1 3 4 2.46199 0.169741 0.22773 1.50468
0 1 3 5 0 0 0 0
0 1 4 0 2.25321 0.131208 0.261893 1.32422
0 1 4 1 2.25752 0.143718 0.261368 1.37297
0 1 4 2 2.34157 0.143299 0.257677 1.41464
0 1 4 3 2.47323 0.15554 0.252016 1.45563
0 1 4 4 0 0 0 0
0 1 4 5 0 0 0 0
0 1 5 0 2.26299 0.135165 0.285875 1.3222
0 1 5 1 2.36103 0.141351 0.284004 1.36594
0 1 5 2 2.43515 0.154554 0.278761 1.40291
0 1 5 3 0 0 0 0
0 1 5 4 0 0 0 0
0 1 5 5 0 0 0 0
1 0 0 0 2.69254 0.0664435 0.213332 1.32286
1 0 0 1 2.69277 0.0663903 0.214034 1.37257
1 0 0 2 2.6977 0.0685931 0.213514 1.42286
1 0 0 3 2.69266 0.0693118 0.213408 1.47292
1 0 0 4 2.69398 0.0728531 0.213071 1.52011
1 0 0 5 2.73562 0.0731166 0.208757 1.55448
1 0 1 0 2.84915 0.0644579 0.237625 1.3228
1 0 1 1 2.86585 0.0648071 0.237549 1.37267
1 0 1 2 2.83702 0.0658271 0.23752 1.42329
1 0 1 3 2.82616 0.0664949 0.237936 1.47214
1 0 1 4 2.94814 0.0695404 0.235601 1.51429
1 0 1 5 0 0 0 0
1 0 2 0 2.97606 0.0609041 0.26182 1.32241
1 0 2 1 2.96556 0.0611735 0.262027 1.3731
1 0 2 2 2.98192 0.0650122 0.262142 1.42367
1 0 2 3 3.08909 0.0652614 0.260126 1.46842
1 0 2 4 3.2823 0.0794347 0.255328 1.51126
1 0 2 5 0 0 0 0
1 0 3 0 2.98206 0.0575598 0.287052 1.32255
1 0 3 1 2.97579 0.0581479 0.286504 1.37236
1 0 3 2 3.10554 0.061635 0.285148 1.42028
1 0 3 3 3.28339 0.0639714 0.282604 1.46131
1 0 3 4 0 0 0 0
1 0 3 5 0 0 0 0
1 0 4 0 3.01053 0.0557301 0.311994 1.32245
1 0 4 1 3.09158 0.0545765 0.30987 1.36998
1 0 4 2 3.30263 0.0574636 0.308111 1.41264
1 0 4 3 0 0 0 0
1 0 4 4 0 0 0 0
1 0 4 5 0 0 0 0
1 0 5 0 3.06934 0.0549252 0.336133 1.32076
1 0 5 1 3.26993 0.059251 0.333322 1.36548
1 0 5 2 3.45699 0.0621177 0.329962 1.40758
1 0 5 3 0 0 0 0
1 0 5 4 0 0 0 0
1 0 5 5 0 0 0 0
1 1 0 0 2.68365 0.117476 0.21426 1.32521
1 1 0 1 2.68425 0.123411 0.213764 1.37469
1 1 0 2 2.69178 0.132122 0.213897 1.42458
1 1 0 3 2.68523 0.141558 0.213276 1.47403
1 1 0 4 2.70034 0.14381 0.213219 1.51914
1 1 0 5 2.69703 0.114365 0.209554 1.55218
1 1 1 0 2.81691 0.11972 0.237807 1.32508
1 1 1 1 2.83607 0.127672 0.238007 1.37488
1 1 1 2 2.8161 0.136973 0.237769 1.42357
1 1 1 3 2.85619 0.143082 0.236962 1.47218
1 1 1 4 2.93254 0.146752 0.23419 1.51409
1 1 1 5 0 0 0 0
1 1 2 0 2.93298 0.121999 0.262103 1.32438
1 1 2 1 2.93589 0.133292 0.261886 1.37497
1 1 2 2 2.95779 0.140407 0.261742 1.42292
1 1 2 3 3.09614 0.148294 0.260377 1.46901
1 1 2 4 3.28661 0.143817 0.255981 1.50884
1 1 2 5 0 0 0 0
1 1 3 0 2.95927 0.12641 0.287338 1.32466
1 1 3 1 2.97325 0.13633 0.28707 1.37345
1 1 3 2 3.10241 0.141908 0.285652 1.41949
1 1 3 3 3.29809 0.148505 0.280905 1.46096
1 1 3 4 0 0 0 0
1 1 3 5 0 0 0 0
1 1 4 0 2.9562 0.131401 0.3117 1.32422
1 1 4 1 3.05572 0.139137 0.310106 1.37009
1 1 4 2 3.28658 0.142858 0.307776 1.41181
1 1 4 3 0 0 0 0
1 1 4 4 0 0 0 0
1 1 4 5 0 0 0 0
1 1 5 0 3.04242 0.132802 0.335821 1.32104
1 1 5 1 3.27636 0.143183 0.33423 1.36419
1 1 5 2 3.41859 0.167994 0.327658 1.40332
1 1 5 3 0 0 0 0
1 1 5 4 0 0 0 0
1 1 5 5 0 0 0 0
2 0 0 0 3.57599 0.0676564 0.26964 1.32381
2 0 0 1 3.57566 0.0666498 0.270339 1.37366
2 0 0 2 3.57592 0.0701134 0.269545 1.42511
2 0 0 3 3.57418 0.0677755 0.268319 1.47805
2 0 0 4 3.55752 0.0965922 0.263508 1.50603
2 0 0 5 0 0 0 0
2 0 1 0 3.69694 0.063134 0.288648 1.32268
2 0 1 1 3.69489 0.0631693 0.288385 1.37289
2 0 1 2 3.70525 0.0654653 0.289255 1.42375
2 0 1 3 3.69579 0.0705918 0.2873 1.46627
2 0 1 4 3.57659 0.0340928 0.277933 1.50462
2 0 1 5 0 0 0 0
2 0 2 0 3.86844 0.0629998 0.312972 1.32154
2 0 2 1 3.82981 0.0612127 0.312467 1.3719
2 0 2 2 3.84482 0.0615205 0.311731 1.4222
2 0 2 3 4.01667 0.0679659 0.309335 1.4609
2 0 2 4 0 0 0 0
2 0 2 5 0 0 0 0
2 0 3 0 4.0127 0.0614877 0.337084 1.32277
2 0 3 1 3.99208 0.0605878 0.337287 1.37301
2 0 3 2 4.16885 0.0637482 0.335229 1.41543
2 0 3 3 4.34146 0.0410547 0.325432 1.45608
2 0 3 4 0 0 0 0
2 0 3 5 0 0 0 0
2 0 4 0 4.15315 0.0570574 0.36185 1.32274
2 0 4 1 4.28993 0.0618369 0.361005 1.36856
2 0 4 2 4.55492 0.0580188 0.35876 1.41052
2 0 4 3 0 0 0 0
2 0 4 4 0 0 0 0
2 0 4 5 0 0 0 0
2 0 5 0 4.35922 0.0579803 0.386425 1.32016
2 0 5 1 4.718 0.0562923 0.385194 1.36694
2 0 5 2 5.01147 0.0574247 0.383434 1.40741
2 0 5 3 0 0 0 0
2 0 5 4 0 0 0 0
2 0 5 5 0 0 0 0
2 1 0 0 3.56741 0.117725 0.269299 1.32563
2 1 0 1 3.56278 0.125386 0.269544 1.37378
2 1 0 2 3.56764 0.13723 0.268856 1.42043
2 1 0 3 3.56968 0.137721 0.269177 1.47372
2 1 0 4 3.55328 0.121533 0.267883 1.50807
2 1 0 5 0 0 0 0
2 1 1 0 3.69544 0.11902 0.28841 1.32553
2 1 1 1 3.69603 0.126668 0.288829 1.37357
2 1 1 2 3.70431 0.13925 0.288414 1.42329
2 1 1 3 3.71684 0.143684 0.286656 1.4681
2 1 1 4 3.69559 0.130771 0.278757 1.50082
2 1 1 5 0 0 0 0
2 1 2 0 3.8349 0.121397 0.312684 1.32496
2 1 2 1 3.84026 0.130079 0.313438 1.37485
2 1 2 2 3.84822 0.138895 0.311873 1.42158
2 1 2 3 3.95997 0.134659 0.307501 1.45966
2 1 2 4 0 0 0 0
2 1 2 5 0 0 0 0
2 1 3 0 3.95965 0.124237 0.337195 1.32252
2 1 3 1 3.99307 0.132114 0.337169 1.37401
2 1 3 2 4.18865 0.139443 0.336423 1.41675
2 1 3 3 4.41936 0.120679 0.326887 1.45683
2 1 3 4 0 0 0 0
2 1 3 5 0 0 0 0
2 1 4 0 4.11492 0.12641 0.362374 1.32287
2 1 4 1 4.2369 0.13502 0.360592 1.36972
2 1 4 2 4.54982 0.143822 0.358394 1.41
2 1 4 3 0 0 0 0
2 1 4 4 0 0 0 0
2 1 4 5 0 0 0 0
2 1 5 0 4.35479 0.12613 0.386328 1.32199
2 1 5 1 4.75296 0.13086 0.38639 1.36875
2 1 5 2 5.01938 0.147088 0.38704 1.40589
2 1 5 3 0 0 0 0
2 1 5 4 0 0 0 0
2 1 5 5 0 0 0 0
